# Created by Octave 3.8.0, Sun Dec 25 15:20:09 2016 IST <nudelx@Alexs-MacBook-Pro.local>
# name: ans
# type: matrix
# rows: 3
# columns: 3
 30 36 42
 66 81 96
 102 126 150


